Odds:

  win: 1.787
  draw: 3.450
  lose: 5.710

Implied:

  Pr(win) = 0.5595970900951315
  Pr(draw) = 0.2898550724637681
  Pr(lose) = 0.17513134851138354

Estimated:

  Pr(win) = 0.546170306323371
  Pr(draw) = 0.28290038765213454
  Pr(lose) = 0.1709293060244944

